S. No,Year,Category,State/UT,Unrecovered/Untraced Persons from Previous years - Male,Unrecovered/Untraced Persons from Previous years - Female,Unrecovered/Untraced Persons from Previous years - Trans,Unrecovered/Untraced Persons from Previous years - Total,Persons Missing this year - Male,Persons Missing this year - Female,Persons Missing this year - Trans,Persons Missing this year - Total,Total Persons Missing - Male,Total Persons Missing - Female,Total Persons Missing - Trans,Total Persons Missing - Total,Total Recovered/Traced this year - Male,Total Recovered/Traced this year - Female,Total Recovered/Traced this year - Trans,Total Recovered/Traced this year - Total,Percentage Recovery (Total Recovered or Traced/ Total Missing) * 100 - Male,Percentage Recovery (Total Recovered or Traced/ Total Missing) * 100 - Female,Percentage Recovery (Total Recovered or Traced/ Total Missing) * 100 - Trans,Percentage Recovery (Total Recovered or Traced/ Total Missing) * 100 - Total,Un-Recovered/Untraced Persons (including previous years Untraced Missing Persons) - Male,Un-Recovered/Untraced Persons (including previous years Untraced Missing Persons) - Female,Un-Recovered/Untraced Persons (including previous years Untraced Missing Persons) - Trans,Un-Recovered/Untraced Persons (including previous years Untraced Missing Persons) - Total
1,2017,State,Andhra Pradesh,4173,2990,5,7168,3114,5225,7,8346,7287,8215,12,15514,3747,6423,7,10177,51.4,78.2,58.3,65.6,3540,1792,5,5337
2,2017,State,Arunachal Pradesh,2,93,0,95,9,90,0,99,11,183,0,194,7,96,0,103,63.6,52.5,NA,53.1,4,87,0,91
3,2017,State,Assam,530,1223,0,1753,997,2302,0,3299,1527,3525,0,5052,1015,2314,0,3329,66.5,65.6,NA,65.9,512,1211,0,1723
4,2017,State,Bihar,1523,2935,86,4544,1932,6020,146,8098,3455,8955,232,12642,1045,3561,104,4710,30.2,39.8,44.8,37.3,2410,5394,128,7932
5,2017,State,Chhattisgarh,4366,5836,0,10202,3449,7383,0,10832,7815,13219,0,21034,2945,6501,0,9446,37.7,49.2,NA,44.9,4870,6718,0,11588
6,2017,State,Goa,475,230,0,705,304,274,0,578,779,504,0,1283,261,254,0,515,33.5,50.4,NA,40.1,518,250,0,768
7,2017,State,Gujarat,4174,4240,0,8414,4509,7712,1,12222,8683,11952,1,20636,5291,8481,1,13773,60.9,71,100,66.7,3392,3471,0,6863
8,2017,State,Haryana,4229,3641,0,7870,3334,4780,0,8114,7563,8421,0,15984,3555,5003,0,8558,47,59.4,NA,53.5,4008,3418,0,7426
9,2017,State,Himachal Pradesh,785,506,0,1291,512,852,0,1364,1297,1358,0,2655,648,881,0,1529,50,64.9,NA,57.6,649,477,0,1126
10,2017,State,Jammu & Kashmir,1935,1360,0,3295,849,1044,0,1893,2784,2404,0,5188,904,942,0,1846,32.5,39.2,NA,35.6,1880,1462,0,3342
11,2017,State,Jharkhand,729,620,0,1349,426,361,0,787,1155,981,0,2136,469,469,0,938,40.6,47.8,NA,43.9,686,512,0,1198
12,2017,State,Karnataka,5466,4335,0,9801,5796,8757,0,14553,11262,13092,0,24354,4711,8247,0,12958,41.8,63,NA,53.2,6551,4845,0,11396
13,2017,State,Kerala,950,531,0,1481,3201,6076,8,9285,4151,6607,8,10766,3029,6161,8,9198,73,93.2,100,85.4,1122,446,0,1568
14,2017,State,Madhya Pradesh,10448,20500,0,30948,12699,26587,0,39286,23147,47087,0,70234,10767,21490,0,32257,46.5,45.6,0,45.7,12380,25597,0,37977
15,2017,State,Maharashtra,27632,26636,0,54268,23386,29279,254,52919,51018,55915,254,107187,23680,27966,225,51871,46.4,50,88.6,48.4,27338,27949,29,55316
16,2017,State,Manipur,20,28,0,48,150,139,0,289,170,167,0,337,136,130,0,266,80,77.8,NA,78.9,34,37,0,71
17,2017,State,Meghalaya,72,58,0,130,142,172,0,314,214,230,0,444,93,131,0,224,43.5,57,NA,50.5,121,99,0,220
18,2017,State,Mizoram,0,0,0,0,0,1,0,1,0,1,0,1,0,1,0,1,NA,100,NA,100,0,0,0,0
19,2017,State,Nagaland,9,17,0,26,50,89,0,139,59,106,0,165,58,105,0,163,98.3,99.1,NA,98.8,1,1,0,2
20,2017,State,Odisha,6370,18619,0,24989,1679,4187,0,5866,8049,22806,0,30855,6900,20138,0,27038,85.7,88.3,NA,87.6,1149,2668,0,3817
21,2017,State,Punjab,5589,3120,0,8709,1243,1256,0,2499,6832,4376,0,11208,1339,1377,0,2716,19.6,31.5,NA,24.2,5493,2999,0,8492
22,2017,State,Rajasthan,4418,4436,0,8854,4575,10230,0,14805,8993,14666,0,23659,4376,9684,0,14060,48.7,66,NA,59.4,4617,4982,0,9599
23,2017,State,Sikkim,34,33,0,67,180,222,0,402,214,255,0,469,191,235,0,426,89.3,92.2,NA,90.8,23,20,0,43
24,2017,State,Tamil Nadu,5304,4514,0,9818,4811,9564,1,14376,10115,14078,1,24194,4846,10679,1,15526,47.9,75.9,100,64.2,5269,3399,0,8668
25,2017,State,Telangana,3035,2583,0,5618,5465,8405,0,13870,8500,10988,0,19488,5280,7957,0,13237,62.1,72.4,NA,67.9,3220,3031,0,6251
26,2017,State,Tripura,218,197,0,415,460,866,0,1326,678,1063,0,1741,438,873,0,1311,64.6,82.1,NA,75.3,240,190,0,430
27,2017,State,Uttar Pradesh,7045,4635,0,11680,5255,4511,0,9766,12300,9146,0,21446,4006,3525,0,7531,32.6,38.5,NA,35.1,8294,5621,0,13915
28,2017,State,Uttarakhand,1207,613,0,1820,1254,1081,0,2335,2461,1694,0,4155,586,769,0,1355,23.8,45.4,NA,32.6,1875,925,0,2800
29,2017,State,West Bengal,23107,39124,0,62231,15542,28133,0,43675,38649,67257,0,105906,19171,34174,0,53345,49.6,50.8,NA,50.4,19478,33083,0,52561
30,2017,Union Territory,A & N Islands,100,41,0,141,70,65,0,135,170,106,0,276,55,53,0,108,32.4,50,NA,39.1,115,53,0,168
31,2017,Union Territory,Chandigarh,723,688,0,1411,253,341,0,594,976,1029,0,2005,169,251,0,420,17.3,24.4,NA,20.9,807,778,0,1585
32,2017,Union Territory,D&N Haveli,9,19,0,28,17,25,0,42,26,44,0,70,18,27,0,45,69.2,61.4,NA,64.3,8,17,0,25
33,2017,Union Territory,Daman & Diu,28,44,0,72,51,46,0,97,79,90,0,169,46,63,0,109,58.2,70,NA,64.5,33,27,0,60
34,2017,Union Territory,Delhi UT,16288,18108,0,34396,10685,12202,1,22888,26973,30310,1,57284,10567,11280,0,21847,39.2,37.2,0,38.1,16406,19030,1,35437
35,2017,Union Territory,Lakshadweep,1,0,0,1,1,0,0,1,2,0,0,2,0,0,0,0,0,NA,NA,0,2,0,0,2
36,2017,Union Territory,Puducherry,28,16,0,44,67,105,0,172,95,121,0,216,86,116,0,202,90.5,95.9,NA,93.5,9,5,0,14
37,2018,State,Andhra Pradesh,3540,1792,5,5337,3148,5792,488,9428,6688,7584,493,14765,3964,6042,434,10440,59.3,79.7,88,70.7,2724,1542,59,4325
38,2018,State,Arunachal Pradesh,4,87,0,91,3,12,0,15,7,99,0,106,4,96,0,100,57.1,97,NA,94.3,3,3,0,6
39,2018,State,Assam,512,1211,0,1723,1550,4087,15,5652,2062,5298,15,7375,1153,3448,15,4616,55.9,65.1,100,62.6,909,1850,0,2759
40,2018,State,Bihar,2410,5394,0,7804,2067,7775,0,9842,4477,13169,0,17646,2449,7570,0,10019,54.7,57.5,NA,56.8,2028,5599,0,7627
41,2018,State,Chhattisgarh,5390,7166,0,12556,3760,9412,0,13172,9150,16578,0,25728,3859,8645,0,12504,42.2,52.1,NA,48.6,5291,7933,0,13224
42,2018,State,Goa,518,250,0,768,258,234,0,492,776,484,0,1260,237,214,0,451,30.5,44.2,NA,35.8,539,270,0,809
43,2018,State,Gujarat,3392,3471,0,6863,4866,9246,1,14113,8258,12717,1,20976,4312,8570,1,12883,52.2,67.4,100,61.4,3946,4147,0,8093
44,2018,State,Haryana,4008,3418,0,7426,3451,5311,0,8762,7459,8729,0,16188,4321,6085,0,10406,57.9,69.7,NA,64.3,3138,2644,0,5782
45,2018,State,Himachal Pradesh,649,477,0,1126,669,1179,0,1848,1318,1656,0,2974,525,1011,0,1536,39.8,61.1,NA,51.6,793,645,0,1438
46,2018,State,Jammu & Kashmir,1880,1462,0,3342,1094,1335,0,2429,2974,2797,0,5771,930,1181,0,2111,31.3,42.2,NA,36.6,2044,1616,0,3660
47,2018,State,Jharkhand,686,512,0,1198,339,399,4,742,1025,911,4,1940,387,333,1,721,37.8,36.6,25,37.2,638,578,3,1219
48,2018,State,Karnataka,6551,4845,0,11396,5709,9567,2,15278,12260,14412,2,26674,7719,11577,2,19298,63,80.3,100,72.3,4541,2835,0,7376
49,2018,State,Kerala,1207,465,0,1672,3896,7839,46,11781,5103,8304,46,13453,3878,7833,46,11757,76,94.3,100,87.4,1225,471,0,1696
50,2018,State,Madhya Pradesh,12380,25597,0,37977,12601,29761,3,42365,24981,55358,3,80342,10313,23817,3,34133,41.3,43,100,42.5,14668,31541,0,46209
51,2018,State,Maharashtra,27338,27949,29,55316,25996,33964,0,59960,53334,61913,29,115276,24556,32673,10,57239,46,52.8,34.5,49.7,28778,29240,19,58037
52,2018,State,Manipur,34,37,0,71,127,161,0,288,161,198,0,359,108,171,0,279,67.1,86.4,NA,77.7,53,27,0,80
53,2018,State,Meghalaya,121,99,0,220,130,166,0,296,251,265,0,516,175,176,0,351,69.7,66.4,NA,68,76,89,0,165
54,2018,State,Mizoram,0,0,0,0,3,0,0,3,3,0,0,3,3,0,0,3,100,NA,NA,100,0,0,0,0
55,2018,State,Nagaland,1,1,0,2,60,83,0,143,61,84,0,145,47,67,0,114,77,79.8,NA,78.6,14,17,0,31
56,2018,State,Odisha,1149,2668,0,3817,2869,10193,0,13062,4018,12861,0,16879,1172,3309,0,4481,29.2,25.7,NA,26.5,2846,9552,0,12398
57,2018,State,Punjab,5493,2999,0,8492,1654,1670,0,3324,7147,4669,0,11816,1079,1219,0,2298,15.1,26.1,NA,19.4,6068,3450,0,9518
58,2018,State,Rajasthan,4617,4982,0,9599,4609,12525,3,17137,9226,17507,3,26736,4113,11287,3,15403,44.6,64.5,100,57.6,5113,6220,0,11333
59,2018,State,Sikkim,23,23,0,46,99,81,0,180,122,104,0,226,86,84,0,170,70.5,80.8,NA,75.2,36,20,0,56
60,2018,State,Tamil Nadu,5269,3399,0,8668,5135,10403,1,15539,10404,13802,1,24207,3858,9424,1,13283,37.1,68.3,100,54.9,6546,4378,0,10924
61,2018,State,Telangana,3220,3031,0,6251,5293,9041,1,14335,8513,12072,1,20586,5440,9153,1,14594,63.9,75.8,100,70.9,3073,2919,0,5992
62,2018,State,Tripura,240,190,0,430,527,1086,0,1613,767,1276,0,2043,446,930,0,1376,58.1,72.9,NA,67.4,321,346,0,667
63,2018,State,Uttar Pradesh,8294,5621,0,13915,5214,5777,0,10991,13508,11398,0,24906,5382,4749,0,10131,39.8,41.7,NA,40.7,8126,6649,0,14775
64,2018,State,Uttarakhand,1875,925,0,2800,1095,1217,0,2312,2970,2142,0,5112,461,598,0,1059,15.5,27.9,NA,20.7,2509,1544,0,4053
65,2018,State,West Bengal,19478,33083,0,52561,16038,31299,0,47337,35516,64382,0,99898,15812,30547,0,46359,44.5,47.4,NA,46.4,19704,33835,0,53539
66,2018,Union Territory,A & N Islands,115,53,0,168,89,100,0,189,204,153,0,357,10,39,0,49,4.9,25.5,NA,13.7,194,114,0,308
67,2018,Union Territory,Chandigarh,807,778,0,1585,240,354,0,594,1047,1132,0,2179,135,224,0,359,12.9,19.8,NA,16.5,912,908,0,1820
68,2018,Union Territory,D&N Haveli,8,17,0,25,14,46,0,60,22,63,0,85,5,26,0,31,22.7,41.3,NA,36.5,17,37,0,54
69,2018,Union Territory,Daman & Diu,33,27,0,60,47,80,0,127,80,107,0,187,51,71,0,122,63.8,66.4,NA,65.2,29,36,0,65
70,2018,Union Territory,Delhi UT,16406,19030,1,35437,10590,13272,0,23862,26996,32302,1,59299,15320,18536,1,33857,56.7,57.4,100,57.1,11676,13766,0,25442
71,2018,Union Territory,Lakshadweep,2,0,0,2,4,0,0,4,6,0,0,6,0,0,0,0,0,NA,NA,0,6,0,0,6
72,2018,Union Territory,Puducherry,9,5,0,14,95,154,0,249,104,159,0,263,74,147,0,221,71.2,92.5,NA,84,30,12,0,42
73,2019,State,Andhra Pradesh,2724,1542,59,4325,3711,6896,9,10616,6435,8438,68,14941,3356,6583,63,10002,52.2,78,92.6,66.9,3079,1855,5,4939
74,2019,State,Arunachal Pradesh,3,3,0,6,15,43,0,58,18,46,0,64,13,44,0,57,72.2,95.7,NA,89.1,5,2,0,7
75,2019,State,Assam,909,1850,0,2759,1981,3330,0,5311,2890,5180,0,8070,1524,3116,0,4640,52.7,60.2,NA,57.5,1366,2064,0,3430
76,2019,State,Bihar,2028,5599,0,7627,2239,8453,0,10692,4267,14052,0,18319,1943,5783,0,7726,45.5,41.2,NA,42.2,2324,8269,0,10593
77,2019,State,Chhattisgarh,5291,7933,0,13224,3792,11108,0,14900,9083,19041,0,28124,3199,9388,0,12587,35.2,49.3,NA,44.8,5884,9653,0,15537
78,2019,State,Goa,539,270,0,809,318,297,0,615,857,567,0,1424,266,251,0,517,31,44.3,NA,36.3,591,316,0,907
79,2019,State,Gujarat,3946,4147,0,8093,5003,9268,21,14292,8949,13415,21,22385,4434,8543,20,12997,49.5,63.7,95.2,58.1,4515,4872,1,9388
80,2019,State,Haryana,3138,2644,0,5782,4556,7659,0,12215,7694,10303,0,17997,4341,6885,0,11226,56.4,66.8,NA,62.4,3353,3418,0,6771
81,2019,State,Himachal Pradesh,793,645,0,1438,679,1356,0,2035,1472,2001,0,3473,560,1259,0,1819,38,62.9,NA,52.4,912,742,0,1654
82,2019,State,Jammu & Kashmir,2044,1616,0,3660,757,1477,0,2234,2801,3093,0,5894,692,1428,0,2120,24.7,46.2,NA,36,2109,1665,0,3774
83,2019,State,Jharkhand,638,578,3,1219,442,437,0,879,1080,1015,3,2098,456,477,3,936,42.2,47,100,44.6,624,538,0,1162
84,2019,State,Karnataka,4541,2835,0,7376,5725,10115,5,15845,10266,12950,5,23221,5109,9708,5,14822,49.8,75,100,63.8,5157,3242,0,8399
85,2019,State,Kerala,1243,477,0,1720,4387,8843,3,13233,5630,9320,3,14953,4334,8844,3,13181,77,94.9,100,88.1,1296,476,0,1772
86,2019,State,Madhya Pradesh,14668,31541,0,46209,13559,33893,0,47452,28227,65434,0,93661,12065,30780,0,42845,42.7,47,NA,45.7,16162,34654,0,50816
87,2019,State,Maharashtra,28778,29240,19,58037,27972,38506,0,66478,56750,67746,19,124515,30235,36777,6,67018,53.3,54.3,31.6,53.8,26515,30969,13,57497
88,2019,State,Manipur,53,27,0,80,182,242,0,424,235,269,0,504,185,222,0,407,78.7,82.5,NA,80.8,50,47,0,97
89,2019,State,Meghalaya,76,89,0,165,156,200,0,356,232,289,0,521,168,203,0,371,72.4,70.2,NA,71.2,64,86,0,150
90,2019,State,Mizoram,0,0,0,0,0,0,0,0,0,0,0,0,0,0,0,0,NA,NA,NA,NA,0,0,0,0
91,2019,State,Nagaland,14,17,0,31,18,40,0,58,32,57,0,89,23,43,0,66,71.9,75.4,NA,74.2,9,14,0,23
92,2019,State,Odisha,2846,9552,0,12398,3300,12017,0,15317,6146,21569,0,27715,1235,4104,0,5339,20.1,19,NA,19.3,4911,17465,0,22376
93,2019,State,Punjab,6068,3450,0,9518,1680,2079,0,3759,7748,5529,0,13277,982,1237,0,2219,12.7,22.4,NA,16.7,6766,4292,0,11058
94,2019,State,Rajasthan,5113,6220,0,11333,6138,16155,0,22293,11251,22375,0,33626,5491,14626,0,20117,48.8,65.4,NA,59.8,5760,7749,0,13509
95,2019,State,Sikkim,36,20,0,56,60,136,0,196,96,156,0,252,66,118,0,184,68.8,75.6,NA,73,30,38,0,68
96,2019,State,Tamil Nadu,6546,4378,0,10924,4956,11280,2,16238,11502,15658,2,27162,4072,10297,1,14370,35.4,65.8,50,52.9,7430,5361,1,12792
97,2019,State,Telangana,3073,2919,0,5992,6485,10665,0,17150,9558,13584,0,23142,7885,11839,0,19724,82.5,87.2,NA,85.2,1673,1745,0,3418
98,2019,State,Tripura,321,346,0,667,506,1226,0,1732,827,1572,0,2399,515,1251,0,1766,62.3,79.6,NA,73.6,312,321,0,633
99,2019,State,Uttar Pradesh,8126,6649,0,14775,4980,5828,0,10808,13106,12477,0,25583,6192,6182,0,12374,47.2,49.5,NA,48.4,6914,6295,0,13209
100,2019,State,Uttarakhand,2509,1544,0,4053,1018,1175,0,2193,3527,2719,0,6246,681,861,0,1542,19.3,31.7,NA,24.7,2846,1858,0,4704
101,2019,State,West Bengal,19478,33083,0,52561,16038,31299,0,47337,35516,64382,0,99898,15812,30547,0,46359,44.5,47.4,NA,46.4,19704,33835,0,53539
102,2019,Union Territory,A & N Islands,142,69,0,211,79,95,0,174,221,164,0,385,61,75,0,136,27.6,45.7,NA,35.3,160,89,0,249
103,2019,Union Territory,Chandigarh,912,908,0,1820,332,465,0,797,1244,1373,0,2617,200,283,0,483,16.1,20.6,NA,18.5,1044,1090,0,2134
104,2019,Union Territory,D&N Haveli,17,37,0,54,19,50,0,69,36,87,0,123,14,40,0,54,38.9,46,NA,43.9,22,47,0,69
105,2019,Union Territory,Daman & Diu,29,36,0,65,53,82,0,135,82,118,0,200,52,65,0,117,63.4,55.1,NA,58.5,30,53,0,83
106,2019,Union Territory,Delhi UT,11676,13766,0,25442,10874,13544,0,24418,22550,27310,0,49860,9315,10967,0,20282,41.3,40.2,NA,40.7,13235,16343,0,29578
107,2019,Union Territory,Lakshadweep,6,0,0,6,1,0,0,1,7,0,0,7,7,0,0,7,100,NA,NA,100,0,0,0,0
108,2019,Union Territory,Puducherry,30,12,0,42,78,138,0,216,108,150,0,258,75,123,0,198,69.4,82,NA,76.7,33,27,0,60
109,2020,State,Andhra Pradesh,3079,1855,5,4939,3239,7576,0,10815,6318,9431,5,15754,3102,7195,5,10302,49.1,76.3,100,65.4,3216,2236,0,5452
110,2020,State,Arunachal Pradesh,5,2,0,7,11,9,0,20,16,11,0,27,10,9,0,19,62.5,81.8,NA,70.4,6,2,0,8
111,2020,State,Assam,1274,2063,100,3437,1140,2714,5,3859,2414,4777,105,7296,1996,3963,104,6063,82.7,83,99,83.1,418,814,1,1233
112,2020,State,Bihar,2324,8269,0,10593,1509,6287,0,7796,3833,14556,0,18389,1311,5831,0,7142,34.2,40.1,NA,38.8,2522,8725,0,11247
113,2020,State,Chhattisgarh,5884,9653,0,15537,3173,9113,0,12286,9057,18766,0,27823,3087,8749,0,11836,34.1,46.6,NA,42.5,5970,10017,0,15987
114,2020,State,Goa,591,316,0,907,257,190,0,447,848,506,0,1354,279,254,0,533,32.9,50.2,NA,39.4,569,252,0,821
115,2020,State,Gujarat,4515,4872,1,9388,3758,8290,1,12049,8273,13162,2,21437,3623,7753,2,11378,43.8,58.9,100,53.1,4650,5409,0,10059
116,2020,State,Haryana,3353,3418,0,6771,3506,6698,0,10204,6859,10116,0,16975,3231,6434,0,9665,47.1,63.6,NA,56.9,3628,3682,0,7310
117,2020,State,Himachal Pradesh,912,742,0,1654,447,1095,0,1542,1359,1837,0,3196,552,1147,0,1699,40.6,62.4,NA,53.2,807,690,0,1497
118,2020,State,Jammu & Kashmir,2057,1647,0,3704,716,1404,0,2120,2773,3051,0,5824,746,1265,0,2011,26.9,41.5,NA,34.5,2027,1786,0,3813
119,2020,State,Jharkhand,624,538,0,1162,291,408,0,699,915,946,0,1861,459,483,0,942,50.2,51.1,NA,50.6,456,463,0,919
120,2020,State,Karnataka,5157,3242,0,8399,4798,9542,0,14340,9955,12784,0,22739,4870,9545,0,14415,48.9,74.7,NA,63.4,5085,3239,0,8324
121,2020,State,Kerala,1296,476,0,1772,2774,6395,14,9183,4070,6871,14,10955,2892,6426,13,9331,71.1,93.5,92.9,85.2,1178,445,1,1624
122,2020,State,Madhya Pradesh,16162,34654,0,50816,10895,29588,0,40483,27057,64242,0,91299,12027,31142,0,43169,44.5,48.5,NA,47.3,15030,33100,0,48130
123,2020,State,Maharashtra,26515,30969,13,57497,19804,32283,1,52088,46319,63252,14,109585,26486,40095,13,66594,57.2,63.4,92.9,60.8,19833,23157,1,42991
124,2020,State,Manipur,50,47,0,97,76,125,0,201,126,172,0,298,88,137,0,225,69.8,79.7,NA,75.5,38,35,0,73
125,2020,State,Meghalaya,64,86,0,150,92,102,0,194,156,188,0,344,99,135,0,234,63.5,71.8,NA,68,57,53,0,110
126,2020,State,Mizoram,0,0,0,0,0,0,0,0,0,0,0,0,0,0,0,0,NA,NA,NA,NA,0,0,0,0
127,2020,State,Nagaland,9,14,0,23,14,27,0,41,23,41,0,64,16,33,0,49,69.6,80.5,NA,76.6,7,8,0,15
128,2020,State,Odisha,4911,17465,0,22376,2836,11856,0,14692,7747,29321,0,37068,1579,6326,0,7905,20.4,21.6,NA,21.3,6168,22995,0,29163
129,2020,State,Punjab,6766,4292,0,11058,1251,1784,0,3035,8017,6076,0,14093,1010,1135,0,2145,12.6,18.7,NA,15.2,7007,4941,0,11948
130,2020,State,Rajasthan,5760,7749,0,13509,4944,16601,0,21545,10704,24350,0,35054,3842,14211,0,18053,35.9,58.4,NA,51.5,6862,10139,0,17001
131,2020,State,Sikkim,30,38,0,68,38,95,0,133,68,133,0,201,47,96,0,143,69.1,72.2,NA,71.1,21,37,0,58
132,2020,State,Tamil Nadu,7430,5361,1,12792,4381,12937,2,17320,11811,18298,3,30112,3918,12038,1,15957,33.2,65.8,33.3,53,7893,6260,2,14155
133,2020,State,Telangana,1673,1745,0,3418,6416,11404,1,17821,8089,13149,1,21239,5796,10681,1,16478,71.7,81.2,100,77.6,2293,2468,0,4761
134,2020,State,Tripura,312,321,0,633,342,970,0,1312,654,1291,0,1945,310,941,0,1251,47.4,72.9,NA,64.3,344,350,0,694
135,2020,State,Uttar Pradesh,6914,6295,0,13209,3982,5020,0,9002,10896,11315,0,22211,4807,5734,0,10541,44.1,50.7,NA,47.5,6089,5581,0,11670
136,2020,State,Uttarakhand,2846,1858,0,4704,789,1108,0,1897,3635,2966,0,6601,1107,1873,0,2980,30.5,63.1,NA,45.1,2528,1093,0,3621
137,2020,State,West Bengal,20506,35606,0,56112,11535,27434,0,38969,32041,63040,0,95081,13221,29375,0,42596,41.3,46.6,NA,44.8,18820,33665,0,52485
138,2020,Union Territory,A & N Islands,160,89,0,249,42,37,0,79,202,126,0,328,38,46,0,84,18.8,36.5,NA,25.6,164,80,0,244
139,2020,Union Territory,Chandigarh,1044,1090,0,2134,276,442,1,719,1320,1532,1,2853,257,380,1,638,19.5,24.8,100,22.4,1063,1152,0,2215
140,2020,Union Territory,D&N Haveli and Daman and Diu,52,100,0,152,47,51,0,98,99,151,0,250,49,83,0,132,49.5,55,NA,52.8,50,68,0,118
141,2020,Union Territory,Delhi UT,13235,16343,0,29578,7300,10644,2,17946,20535,26987,2,47524,7364,10383,2,17749,35.9,38.5,100,37.3,13171,16604,0,29775
142,2020,Union Territory,Ladakh,52,18,0,70,12,8,0,20,64,26,0,90,16,6,0,22,25,23.1,NA,24.4,48,20,0,68
143,2020,Union Territory,Lakshadweep,0,0,0,0,0,0,0,0,0,0,0,0,0,0,0,0,NA,NA,NA,NA,0,0,0,0
144,2020,Union Territory,Puducherry,33,27,0,60,57,158,0,215,90,185,0,275,63,139,0,202,70,75.1,NA,73.5,27,46,0,73
145,2021,State,Andhra Pradesh,3210,2242,0,5452,4065,10085,10,14160,7275,12327,10,19612,3799,9616,5,13420,52.2,78,50,68.4,3476,2711,5,6192
146,2021,State,Arunachal Pradesh,5,0,0,5,50,2,0,52,55,2,0,57,22,2,0,24,40,100,NA,42.1,33,0,0,33
147,2021,State,Assam,418,814,1,1233,1496,3178,0,4674,1914,3992,1,5907,1224,2846,1,4071,63.9,71.3,100,68.9,690,1146,0,1836
148,2021,State,Bihar,2522,8725,0,11247,1377,6144,75,7596,3899,14869,75,18843,1482,6748,34,8264,38,45.4,45.3,43.9,2417,8121,41,10579
149,2021,State,Chhattisgarh,5970,10017,0,15987,4010,12109,0,16119,9980,22126,0,32106,3304,10473,0,13777,33.1,47.3,NA,42.9,6676,11653,0,18329
150,2021,State,Goa,569,252,0,821,300,225,0,525,869,477,0,1346,260,216,0,476,29.9,45.3,NA,35.4,609,261,0,870
151,2021,State,Gujarat,4650,5409,0,10059,4240,9812,15,14067,8890,15221,15,24126,5072,10608,15,15695,57.1,69.7,100,65.1,3818,4613,0,8431
152,2021,State,Haryana,3694,3759,0,7453,4732,8863,3,13598,8426,12622,3,21051,4359,7813,0,12172,51.7,61.9,0,57.8,4067,4809,3,8879
153,2021,State,Himachal Pradesh,807,690,0,1497,616,1587,0,2203,1423,2277,0,3700,657,1651,0,2308,46.2,72.5,NA,62.4,766,626,0,1392
154,2021,State,Jammu & Kashmir,2027,1786,0,3813,838,1835,0,2673,2865,3621,0,6486,861,1665,0,2526,30.1,46,NA,38.9,2004,1956,0,3960
155,2021,State,Jharkhand,456,461,0,917,353,494,0,847,809,955,0,1764,337,479,0,816,41.7,50.2,NA,46.3,472,476,0,948
156,2021,State,Karnataka,5085,3239,0,8324,5643,10962,0,16605,10728,14201,0,24929,5457,11065,0,16522,50.9,77.9,NA,66.3,5271,3136,0,8407
157,2021,State,Kerala,1135,425,0,1560,3202,6183,51,9436,4337,6608,51,10996,3159,6242,51,9452,72.8,94.5,100,86,1178,366,0,1544
158,2021,State,Madhya Pradesh,15035,33100,0,48135,13419,35638,0,49057,28454,68738,0,97192,13171,35464,0,48635,46.3,51.6,NA,50,15283,33274,0,48557
159,2021,State,Maharashtra,19833,23157,1,42991,24621,37278,28,61927,44454,60435,29,104918,25627,39805,21,65453,57.6,65.9,72.4,62.4,18827,20630,8,39465
160,2021,State,Manipur,38,35,0,73,79,115,0,194,117,150,0,267,67,99,0,166,57.3,66,NA,62.2,50,51,0,101
161,2021,State,Meghalaya,57,53,0,110,82,108,0,190,139,161,0,300,99,123,0,222,71.2,76.4,NA,74,40,38,0,78
162,2021,State,Mizoram,0,0,0,0,1,0,0,1,1,0,0,1,0,0,0,0,0,NA,NA,0,1,0,0,1
163,2021,State,Nagaland,7,8,0,15,44,27,0,71,51,35,0,86,35,31,0,66,68.6,88.6,NA,76.7,16,4,0,20
164,2021,State,Odisha,6168,22995,0,29163,3449,12986,0,16435,9617,35981,0,45598,5620,16806,0,22426,58.4,46.7,NA,49.2,3997,19175,0,23172
165,2021,State,Punjab,7007,4941,0,11948,1332,2362,0,3694,8339,7303,0,15642,1100,1501,0,2601,13.2,20.6,NA,16.6,7239,5802,0,13041
166,2021,State,Rajasthan,6865,10153,0,17018,6291,20029,0,26320,13156,30182,0,43338,5554,18401,0,23955,42.2,61,NA,55.3,7602,11781,0,19383
167,2021,State,Sikkim,21,37,0,58,51,118,0,169,72,155,0,227,40,99,0,139,55.6,63.9,NA,61.2,32,56,0,88
168,2021,State,Tamil Nadu,7893,6260,2,14155,6204,17704,3,23911,14097,23964,5,38066,6307,16800,2,23109,44.7,70.1,40,60.7,7790,7164,3,14957
169,2021,State,Telangana,2293,2468,0,4761,8465,13360,0,21825,10758,15828,0,26586,8778,13891,0,22669,81.6,87.8,NA,85.3,1980,1937,0,3917
170,2021,State,Tripura,344,350,0,694,424,1196,0,1620,768,1546,0,2314,496,1306,0,1802,64.6,84.5,NA,77.9,272,240,0,512
171,2021,State,Uttar Pradesh,6089,5581,0,11670,4420,6668,0,11088,10509,12249,0,22758,3752,5243,0,8995,35.7,42.8,NA,39.5,6757,7006,0,13763
172,2021,State,Uttarakhand,2528,1093,0,3621,1594,1857,0,3451,4122,2950,0,7072,1696,1888,0,3584,41.1,64,NA,50.7,2426,1062,0,3488
173,2021,State,West Bengal,18820,33665,0,52485,13588,30611,1,44200,32408,64276,1,96685,13863,29166,1,43030,42.8,45.4,100,44.5,18545,35110,0,53655
174,2021,Union Territory,A & N Islands,164,80,0,244,51,56,0,107,215,136,0,351,43,57,0,100,20,41.9,NA,28.5,172,79,0,251
175,2021,Union Territory,Chandigarh,1063,1152,0,2215,349,533,0,882,1412,1685,0,3097,386,526,0,912,27.3,31.2,NA,29.4,1026,1159,0,2185
176,2021,Union Territory,D&N Haveli and Daman and Diu,47,73,0,120,48,100,0,148,95,173,0,268,47,113,0,160,49.5,65.3,NA,59.7,48,60,0,108
177,2021,Union Territory,Delhi UT,13171,16604,0,29775,8638,13072,0,21710,21809,29676,0,51485,6914,10345,0,17259,31.7,34.9,NA,33.5,14895,19331,0,34226
178,2021,Union Territory,Ladakh,48,20,0,68,19,5,0,24,67,25,0,92,15,6,0,21,22.4,24,NA,22.8,52,19,0,71
179,2021,Union Territory,Lakshadweep,0,0,0,0,0,0,0,0,0,0,0,0,0,0,0,0,NA,NA,NA,NA,0,0,0,0
180,2021,Union Territory,Puducherry,27,46,0,73,86,179,0,265,113,225,0,338,113,184,0,297,100,81.8,NA,87.9,0,41,0,41
